-7.92215e+06 -4.24116e-10
6.08419e+33 2.6212e+07
-2.924e+27 -3.14407e+07
-740879 -1.3436e+20
0.00152741 7.52699e-06
2.54246e-24 -3.01136e+09
-2.71894e-37 -1.17936e-25
7.59853e-17 4.81794e-35
9.87422e+13 1.82758e-14
-4.57836e-21 3.09954e+31
-2.82467e-31 1.60549e+23
-62.5756 -1.79993e+20
2.29922e-15 -2.00688e+32
0.666087 6.10109
-3.68896e+09 -1.8505e-34
-2.29383e+33 -5.06434e+36
7.73535e-08 6.93125e-36
-0.00013032 -2.3784e+23
-2.10759e-23 1.39801e+08
-0.0519825 -8.52716e-10
16750.6 -4.49787e-31
175374 -6.48103e-24
1.15029e-35 5876.65
1.42203e-30 4.10659e-30
-6.08425e+19 3.6371e-22
